2 0 0 0
2 0 0 0
1 0 0 0
1 1 0 1
1 1 1 2
1 1 2 3
2 0 2 2
2 0 2 2
1 0 2 2
1 1 2 3
1 1 3 4
0 1 4 4
0 0 2 2
2 0 2 2
0 0 2 2
0 1 2 2
1 1 2 3
1 1 3 4
0 0 2 2
2 0 2 2
1 0 2 2
0 1 2 2
1 1 2 3
2 1 3 5
2 0 2 2
2 0 2 2
0 0 2 2
0 1 2 2
0 1 2 2
2 1 2 4
2 0 0 0
2 0 0 0
2 0 0 0
0 1 0 0
2 1 0 2
2 1 2 4
2 0 2 2
2 0 2 2
2 0 2 2
2 1 2 4
1 1 4 5
2 1 5 7
2 0 2 2
2 0 2 2
1 0 2 2
0 1 2 2
1 1 2 3
1 1 3 4
0 0 0 0
0 0 0 0
1 0 0 0
1 1 0 1
2 1 1 3
1 1 3 4
0 0 2 2
0 0 2 2
1 0 2 2
1 1 2 3
1 1 3 4
1 1 4 5
0 0 0 0
2 0 0 0
2 0 0 0
2 1 0 2
0 1 2 2
2 1 2 4
0 0 0 0
2 0 0 0
1 0 0 0
0 1 0 0
2 1 0 2
1 1 2 3
2 0 1 1
1 0 1 1
0 0 1 1
2 1 1 3
2 1 3 5
0 1 5 5
2 0 0 0
1 0 0 0
1 0 0 0
1 1 0 1
1 1 1 2
1 1 2 3
1 0 0 0
0 0 0 0
0 0 0 0
2 1 0 2
1 1 2 3
0 1 3 3
1 0 2 2
0 0 2 2
1 0 2 2
2 1 2 4
2 1 4 6
1 1 6 7
2 3 2 8
0 4 8 8
0 4 8 8
2 5 8 18
1 4 18 22
0 4 22 22
0 7 22 22
1 4 22 26
0 4 26 26
0 5 26 26
1 4 26 30
2 3 30 36
2 5 36 46
2 3 46 52
0 3 52 52
1 7 52 59
59 1 0 59
1 3 2 5
0 4 5 5
0 4 5 5
2 5 5 15
0 4 15 15
1 4 15 19
0 7 19 19
2 4 19 27
0 4 27 27
2 5 27 37
2 4 37 45
0 3 45 45
0 5 45 45
2 3 45 51
0 3 51 51
0 7 51 51
51 1 1 52
0 3 1 1
2 4 1 9
2 4 9 17
1 5 17 22
0 4 22 22
2 4 22 30
0 7 30 30
0 4 30 30
2 4 30 38
0 5 38 38
2 4 38 46
1 3 46 49
2 5 49 59
2 3 59 65
0 3 65 65
2 7 65 79
79 1 1 80
2 3 1 7
1 4 7 11
2 4 11 19
2 5 19 29
0 4 29 29
2 4 29 37
2 7 37 51
0 4 51 51
0 4 51 51
2 5 51 61
1 4 61 65
2 3 65 71
2 5 71 81
1 3 81 84
1 3 84 87
1 7 87 94
94 1 1 95
