0000001000000001
0000001000000000
0000000100000010
0000000000000010
0000000100000001
0000000100000001
0000001000000001
0000001000000000
0000000100000010
0000000000000010
0000001000000001
0000001000000001
0000000000000000
0000000000000000
0000001000000001
0000000100000000
0000001000000010
0000000100000010
0000000100000001
0000001000000001
0000001000000001
0000000100000000
0000000000000010
0000001000000010
0000000100000001
0000000100000001
0000000000000000
0000000000000000
0000000000000000
0000001000000000
0000000100000010
0000000000000010
0000001000000001
0000000000000001
0000000000000000
0000001000000000
0000001000000010
0000001000000010
0000000100000001
0000000100000001
0000000000000000
0000000000000000
0000001000000000
0000001000000000
0000001000000010
0000000000000010
0000000100000001
0000000100000001
0000001000000000
0000001000000000
0000001000000010
0000001000000010
0000000000000001
0000000100000001
0000000000000000
0000000000000000
0000000000000010
0000001000000000
0000001000000010
0000001000000010
0000001000000001
0000001000000001
0000000000000010
0000001000000000
0000001000000010
0000000000000010
0000001000000001
0000001000000001
0000000000000000
0000000000000000
0000000100000000
0000001000000000
0000000000000010
0000001000000010
0000000000000001
0000001000000001
0000000100000000
0000001000000000
0000001000000010
0000000100000010
0000000000000001
0000001000000001
0000000000000000
0000000000000000
0000001000000010
0000000000000000
0000000100000010
0000000000000010
0000001000000001
0000000100000001
0000001000000010
0000000000000000
0000001000000010
0000000100000010
0000001000000001
0000000000000001
0000000000000000
0000000000000000
0000001000000000
0000001000000000
0000000000000010
0000000100000010
0000001000000001
0000000100000001
0000001000000000
0000001000000000
0000001000000010
0000001000000010
0000001000000001
0000001000000001
0000000000000000
0000000000000000
0000000000000010
0000001000000000
0000001000000010
0000000000000000
0000000100000010
0000000100000000
0000000000000010
0000000100000000
0000000000000010
0000001000000000
0000000000000010
0000000100000000
0000001000000010
0000001000000000
0000000100000010
0000000000000000
0000000000000010
0000000100000001
0000001000000000
0000000000000001
0000000000000000
0000000100000001
0000001000000000
0000000000000001
0000000000000000
0000000100000001
0000000000000000
0000001000000001
0000001000000000
0000000100000001
0000000100000000
0000001000000001
0000000000000000
0000000000000010
0000000000000000
0000000000000000
0000001000000000
0000000100000000
0000000000000000
0000000000000000
0000000000000000
0000001000000000
0000000100000000
0000001000000000
0000000100000000
0000001000000000
0000001000000000
0000000100000000
0000000100000000
0000000000000000
0000000000000001
0000000000000010
0000001000000000
0000000000000010
0000001000000000
0000000100000010
0000001000000000
0000000000000010
0000000100000000
0000000100000010
0000000100000000
0000001000000010
0000000100000000
0000000100000010
0000000100000000
0000000100000010
0000001000000000
0000000000000001
